nan nan nan nan nan nan nan nan nan nan nan nan nan nan nan nan nan nan nan nan 
nan nan nan nan nan nan nan nan nan nan nan nan nan nan nan nan nan nan nan nan 
nan nan nan nan nan nan nan nan nan nan nan nan nan nan nan nan nan nan nan nan 
nan nan nan nan nan nan nan nan nan nan nan nan nan nan nan nan nan nan nan nan 
nan nan nan nan nan nan nan nan nan nan nan nan nan nan nan nan nan nan nan nan 
nan nan nan nan nan nan nan nan nan nan nan nan nan nan nan nan nan nan nan nan 
nan nan nan nan nan nan nan nan nan nan nan nan nan nan nan nan nan nan nan nan 
nan nan nan nan nan nan nan nan nan nan nan nan nan nan nan nan nan nan nan nan 
nan nan nan nan nan nan nan nan nan nan nan nan nan nan nan nan nan nan nan nan 
nan nan nan nan nan nan nan nan nan nan nan nan nan nan nan nan nan nan nan nan 
nan nan nan nan nan nan nan nan nan nan nan nan nan nan nan nan nan nan nan nan 
nan nan nan nan nan nan nan nan nan nan nan nan nan nan nan nan nan nan nan nan 
nan nan nan nan nan nan nan nan nan nan nan nan nan nan nan nan nan nan nan nan 
nan nan nan nan nan nan nan nan nan nan nan nan nan nan nan nan nan nan nan nan 
nan nan nan nan nan nan nan nan nan nan nan nan nan nan nan nan nan nan nan nan 
nan nan nan nan nan nan nan nan nan nan nan nan nan nan nan nan nan nan nan nan 
nan nan nan nan nan nan nan nan nan nan nan nan nan nan nan nan nan nan nan nan 
nan nan nan nan nan nan nan nan nan nan nan nan nan nan nan nan nan nan nan nan 
nan nan nan nan nan nan nan nan nan nan nan nan nan nan nan nan nan nan nan nan 
nan nan nan nan nan nan nan nan nan nan nan nan nan nan nan nan nan nan nan nan 
nan nan nan nan nan nan nan nan nan nan nan nan nan nan nan nan nan nan nan nan 
nan nan nan nan nan nan nan nan nan nan nan nan nan nan nan nan nan nan nan nan 
nan nan nan nan nan nan nan nan nan nan nan nan nan nan nan nan nan nan nan nan 
nan nan nan nan nan nan nan nan nan nan nan nan nan nan nan nan nan nan nan nan 
0.0241656 0.0894551 0.393726 0.0129874 0.0116698 0.000574939 0.00150681 0.0102026 0.00702046 0.0270073 0.00231549 0.0344848 0.00146255 0.233157 0.00234676 0.120019 0.0129826 0.0036207 0.010079 0.00121562 
0.0391608 0.0171574 0.0026118 0.00660314 0.015394 0.00231386 0.0125292 0.00130809 0.0119435 0.018269 0.0176899 0.00623754 0.00238102 0.0491419 0.00924574 0.11792 0.00781866 0.000622313 0.0269954 0.634657 
0.449047 0.00392013 0.00354925 0.00964653 0.00589266 0.0315223 0.0301691 1.51114e-05 0.0665313 0.00998805 0.0061803 0.0908963 0.00957738 1.75524e-06 0.0197659 0.0302513 0.184118 0.00465275 0.0349189 0.009356 
0.110221 0.00143224 0.025832 0.0641987 0.00342668 1.5217e-05 0.0956685 0.00576067 0.034156 0.0152234 0.00920179 0.0535174 0.00346918 0.11255 0.000123003 0.0563419 0.190786 0.0261551 0.0570165 0.134905 
0.0116379 0.000357903 0.472275 0.0200403 0.00279287 0.00109811 0.0723798 0.0161727 4.46853e-05 0.0161482 0.0336619 0.00940968 0.00542056 0.22416 9.08173e-05 0.0192992 4.85723e-05 0.00351826 0.0373769 0.0540667 
0.0270309 0.102127 0.0201754 0.0271002 0.0850079 0.003437 0.081381 0.061017 0.0143694 0.0177812 0.00154865 0.0348153 0.00200132 0.0257847 0.0301837 0.0281583 0.0385933 0.0196005 0.244699 0.135188 
0.0753256 0.00480547 0.00179433 0.0639257 0.00736182 0.0088895 0.0141223 0.0260975 0.215797 0.00227814 0.00278094 0.0342273 0.00435248 5.80637e-06 0.00838743 0.229278 0.260304 0.000102813 0.0354142 0.0047487 
0.0149237 0.017605 0.0103824 0.0222212 0.001317 5.53405e-05 8.1325e-05 0.0393531 0.00698672 0.0017869 0.0170006 0.00475222 0.00285497 8.4315e-06 4.82144e-05 0.0444415 0.0167791 0.000148181 0.75815 0.0411043 
0.0182435 0.0143841 0.00771378 0.701607 0.0379682 0.00733606 0.0175389 0.00421058 0.00421836 0.0659797 0.00351633 0.0182192 0.00199514 0.0526149 0.00341438 0.0252168 0.00385733 0.00181553 0.00568771 0.00446285 
0.0368816 7.23451e-05 4.94721e-05 0.377103 0.107307 9.54864e-05 0.000140012 0.0039444 0.0422843 3.66713e-05 0.000113725 0.000927456 0.00230177 1.49255e-05 0.0123548 0.0976076 0.293474 0.0202646 0.000183346 0.00484296 
1.27437e-06 0.163476 1.69091e-06 0.50044 0.00226686 0.000817707 1.46202e-06 0.000154658 1.29501e-06 0.00256437 0.170797 1.44746e-06 1.86447e-06 0.158423 1.39079e-06 1.33615e-06 1.46202e-06 1.41291e-06 0.000807266 0.000239288 
0.00186132 0.00355482 0.0260694 0.0208464 0.00689287 0.00123077 0.00636736 0.0463271 0.000806283 0.025272 0.010349 0.240092 0.00198806 0.0375146 0.0115694 0.289186 0.000318042 0.0327934 0.232903 0.0040574 
0.00654252 0.00214632 0.0954984 0.020798 0.0118689 0.00278797 0.0299203 0.134024 0.00164478 0.00407842 0.00498016 0.00514081 0.00116969 0.554428 0.025807 0.00511852 0.0316268 0.00324609 0.052967 0.0062055 
0.131649 0.00390395 0.00730083 0.0946364 0.000927711 0.00111773 0.150929 0.0409545 0.00167075 0.0022196 0.0640685 0.00376739 0.00259684 0.0374178 0.000402478 0.0469674 0.0232677 0.0309708 0.195821 0.15941 
0.0706737 0.00173075 0.00538864 0.000235985 0.00402969 0.0576971 0.00337114 0.001036 0.0532291 0.00126587 3.78984e-07 7.94276e-05 0.0288021 0.00966289 0.0156517 0.183381 0.11623 0.446122 0.000204408 0.00120785 
0.0378939 1.13196e-05 0.000222611 2.09498e-05 5.24752e-07 0.0297877 0.00188665 0.000157944 0.226276 0.0263602 0.0158216 0.000127125 7.1755e-07 5.09118e-07 5.35252e-07 0.661093 0.000213631 5.43767e-07 3.2312e-05 9.1744e-05 
0.000427544 0.0189472 0.0156083 0.0245624 0.566457 0.00374749 0.00979947 0.0113597 0.0477599 0.00775214 0.00214125 0.000568102 0.0299087 0.0740538 0.174542 0.00362831 0.00538037 0.000147595 0.00129684 0.001912 
0.0550781 0.0148983 0.00883756 0.0284354 0.0264897 0.0218575 0.00696627 0.218022 0.0387493 0.00957115 0.00314284 0.0371027 0.231869 0.0281071 0.0338591 0.129173 0.0649097 0.00358294 0.00932703 0.0300206 
0.0579863 0.0419022 0.00850276 0.00560867 0.00281892 0.00965187 0.0456807 0.00197707 0.0216148 0.0167626 0.389846 0.00521272 0.00626646 0.00428239 0.250643 0.0124495 0.0918068 0.000830304 0.025765 0.00039194 
0.008747 0.00702686 0.00505806 0.107235 0.0383746 0.0272842 0.00495223 0.00119237 0.0100179 0.0496296 0.00785557 0.00306586 0.0448454 0.0185164 0.577075 0.0050945 0.00725379 0.0063989 0.0626431 0.00773368 
0.0299003 0.0353864 0.0845 0.0251544 0.0313593 0.00311236 0.0225685 0.063276 0.00192166 0.0449854 0.00214347 0.592231 0.004359 0.00764626 0.0236874 0.0141169 0.0085244 0.00236154 0.00193175 0.000834069 
0.00179302 0.00698662 0.000235175 0.00353273 0.0110604 0.00169098 0.0388362 0.0281399 0.00146333 0.00620598 0.00790231 0.00341191 0.00242908 0.734616 0.0628838 0.00804931 0.0291038 0.0032842 0.00568538 0.0426904 
0.00159632 0.0369329 0.452633 0.139002 0.00498951 0.000244178 0.0044068 0.000802636 0.0211595 0.00567566 0.0483283 0.0322856 0.00426827 0.232414 0.0077367 0.00170471 1.96531e-05 0.00138174 0.00419939 0.000219472 
0.000451611 0.000168085 0.00773822 0.000353306 0.00026761 0.000273871 0.000376041 0.0100631 0.000228573 0.00214711 0.000233905 0.00056063 0.000326011 0.000348969 0.00046538 0.000198422 0.000248419 0.00021913 0.974721 0.000610236 
0.0221222 0.120759 0.0116602 0.00999398 0.0255363 5.06818e-05 0.00620369 0.00292387 0.0217978 0.0635373 0.0561759 0.0281736 0.489097 0.00262639 0.0021654 0.00414342 0.0816684 0.00318811 0.0399843 0.00819218 
0.0124701 0.0627911 0.0724016 0.305682 0.0232795 0.00187653 0.000197604 0.00405738 0.0371777 0.00482231 0.18994 0.0104384 0.128824 0.0145657 0.0659309 0.00955093 2.21511e-05 7.30977e-05 0.0540049 0.00189297 
0.0180301 0.00506663 0.0237151 0.00798709 0.00587695 0.00208996 0.00893035 0.0105741 0.840511 0.00664535 0.00744741 0.00454018 0.00319258 0.00646354 0.0109329 0.0159249 0.00264231 0.00184857 0.00294336 0.0146377 
0.00353787 0.000876457 0.0411002 0.116177 0.00602813 0.0039099 0.0792044 0.0340972 0.018918 0.0173605 0.0530026 0.00243389 0.00120039 0.106476 0.360268 0.0143144 0.0292563 0.000101376 0.108315 0.00342311 
0.0253543 0.0009478 0.00050977 0.00864054 0.00681338 0.0111938 0.009695 0.000886559 0.00182089 0.00315606 0.875986 0.00503749 0.00140672 0.0181795 0.00347234 0.00762352 0.00652048 0.00416119 0.00385039 0.00474391 
0.00492772 0.00737604 0.0093852 0.00125692 0.329948 0.00854406 0.00456245 0.00901651 0.00302266 0.00682647 0.00484773 0.00171644 0.00419334 0.0207284 0.189289 0.367387 0.00416448 0.012905 0.00262816 0.00727425 
0.0199109 0.0269486 0.0133112 0.00210129 0.0269363 0.00776325 0.0141973 0.0281964 0.00251549 0.020217 0.0298182 0.0196301 0.00732043 0.500016 0.00590871 0.126819 0.0125883 0.00943436 0.0559815 0.0703864 
0.0157496 0.00417499 0.0014517 0.00124235 0.0072501 0.0258938 0.536521 0.0654167 0.0159515 0.00312759 0.0105449 0.00766345 0.0201726 0.161931 0.0188722 0.010361 0.0575502 0.0058729 0.00583764 0.0244144 
0.00524458 0.00317293 0.00153653 0.0567557 0.00244925 0.0036543 0.0219445 0.00407623 0.00332161 0.00164397 0.0678349 0.0973848 0.00764294 0.00881933 0.0385511 0.00323915 0.382569 0.0059496 0.00145336 0.282756 
0.00835078 0.0371846 0.120739 1.61802e-05 0.00109344 0.00529099 0.0321308 0.0134582 0.0285945 0.0514958 0.0466823 0.000451014 3.75455e-05 0.00141819 0.00178569 0.000156984 0.0157925 0.633325 0.00132057 0.00067632 
0.00269622 0.00306856 0.0103725 0.010789 0.0807413 0.00266729 0.00705173 0.215953 0.0267258 0.00351658 0.0586353 0.0796967 0.00385294 0.0199464 0.0300592 0.00985246 0.0737216 0.0476447 0.113483 0.199526 
0.00515089 0.000929387 0.00391542 0.0172056 0.335697 0.00497434 0.159198 0.336303 0.0127634 0.000456747 0.00055033 0.0236417 0.00867891 0.0104566 0.0176004 0.00822177 0.0119905 0.00713623 0.026789 0.00834072 
0.00168499 0.000224852 0.170654 0.00105912 0.0172778 0.000378093 0.000494745 0.00754272 0.00126868 0.00155475 0.00104714 0.00276191 0.000714553 0.000407419 0.00137263 0.0195236 0.0879154 0.640731 0.0329959 0.0103902 
8.72503e-05 0.000419596 0.000362163 0.00230949 0.012399 5.29354e-05 7.26622e-05 0.0093635 0.949416 0.000725811 0.000566238 0.00183834 0.000130681 6.743e-05 0.00362195 0.00972937 0.00164722 4.23588e-05 0.0013809 0.00576697 
0.00549408 0.000579658 0.189874 0.0100607 0.00144006 0.0114034 0.0509395 0.00236424 0.0339759 0.00835013 0.00835399 0.00862783 0.00110194 0.0773943 0.00235807 0.0019677 0.290134 0.00497751 0.0147203 0.275883 
0.00325661 0.0196654 0.00189687 0.0785095 0.0237541 0.0244805 0.00858071 0.0101363 0.00675175 0.0602255 0.000886402 0.00400496 0.00462949 0.0282975 0.632061 0.0126764 0.00418519 0.023017 0.0447566 0.00822808 
0.00580071 0.00186218 0.0304596 0.0100464 0.00124287 0.0102593 0.0170079 0.0195427 0.00875001 0.00173687 0.000719052 0.191143 0.000350544 0.000532296 0.00167186 0.0494566 0.0095061 0.603532 0.0155109 0.0208687 
0.000809912 0.00500448 0.00141706 0.00284209 0.399587 0.00037548 0.000189418 0.000620559 0.00362935 0.498721 0.0024173 0.000857944 0.00050985 0.00528211 0.000135741 0.000940833 8.76079e-05 0.000255093 0.00430896 0.0720077 
0.0173301 0.00616011 0.00214204 0.107596 0.000198647 0.000384545 0.00178924 0.0111463 0.122102 0.15389 1.05118e-05 0.0014063 0.242594 0.0139745 0.0281481 0.103733 0.0532496 6.83639e-05 0.015862 0.118214 
0.118049 0.0167297 0.0264742 0.00837718 1.85984e-08 1.62919e-05 0.00886418 0.00427623 0.709094 0.0343839 0.0148477 1.26791e-05 2.54315e-08 0.00163539 0.00131124 2.92329e-05 0.000115101 0.00957256 7.82983e-05 0.0461327 
0.127284 0.00125044 0.0022865 0.00184841 0.0283795 4.19313e-05 0.0197373 0.00309163 0.0233968 0.0256306 0.0165003 0.00483839 0.0348166 0.0392378 0.0368226 0.0739033 0.000566385 0.000313608 0.00234958 0.557704 
0.0405506 0.0543032 0.0064734 0.011745 2.27076e-05 0.00295454 0.0234112 0.0212182 0.0349972 0.629591 1.98458e-05 0.0462612 0.00405504 0.0221267 0.0126832 0.00872856 0.0382808 0.00316178 0.000514687 0.0389008 
0.123749 0.000718773 0.00736252 0.0585258 0.0129959 0.00148767 0.00303519 0.0199668 0.10648 0.366329 0.00150252 0.0284627 0.000323736 0.227995 0.00057267 0.0127587 0.00990459 0.00244342 0.00365216 0.0117336 
0.0160152 0.345672 0.408097 0.010916 0.00401287 0.0094873 0.000922819 0.137281 0.0029786 0.000887803 0.00398542 0.0283082 0.0012638 0.00181362 0.00199541 0.00500423 0.0163745 0.000313782 0.0044792 0.00019066 
0.0248801 0.00456401 0.00945967 0.00131897 0.00016991 5.46673e-05 0.030763 0.00379333 0.375874 0.204578 0.0984152 0.0010344 0.00529741 0.00445184 0.0836338 0.014552 0.00381814 0.00250439 0.0866645 0.0441729 
0.0872262 0.0325263 0.0024522 0.0133217 0.0120278 0.00634119 0.0172437 0.0223785 0.340205 0.0106259 0.1271 0.0179798 0.00134638 0.0125119 0.0220565 0.0833272 0.029647 0.0159933 0.0525866 0.093103 
nan nan nan nan nan nan nan nan nan nan nan nan nan nan nan nan nan nan nan nan 
nan nan nan nan nan nan nan nan nan nan nan nan nan nan nan nan nan nan nan nan 
nan nan nan nan nan nan nan nan nan nan nan nan nan nan nan nan nan nan nan nan 
nan nan nan nan nan nan nan nan nan nan nan nan nan nan nan nan nan nan nan nan 
0.00231379 0.000136728 0.00162178 0.0310151 1.46652e-05 0.000250068 0.00935368 0.00831376 0.0145599 0.00107449 0.000212192 0.00298132 0.000367496 0.0155691 0.000293902 0.00300391 0.00120983 0.00393162 0.00242077 0.901356 
nan nan nan nan nan nan nan nan nan nan nan nan nan nan nan nan nan nan nan nan 
nan nan nan nan nan nan nan nan nan nan nan nan nan nan nan nan nan nan nan nan 
0.0242275 0.00397291 0.0211822 0.00433028 0.0013594 0.00125203 0.00581642 0.0601743 0.702074 0.099985 3.85387e-05 0.0153829 0.000144269 0.00314363 0.000163992 0.0106378 0.00746515 0.00941594 0.0064488 0.0227852 
0.00961038 0.00614838 0.169064 0.0152789 0.0179042 0.00623414 0.116531 0.0732987 0.00790167 0.0451034 0.111068 0.00689961 0.0201941 0.0451093 0.00673266 0.0258057 0.000794338 0.0298198 0.264621 0.0218807 
0.0443513 0.0064686 0.0276373 0.0218794 0.0260768 0.00536978 0.00289897 0.0166776 0.0314538 0.029744 0.0210124 0.0396497 0.0225387 0.00521634 0.0136479 0.0108466 0.00378909 0.0268709 0.0136401 0.630231 
0.0868919 3.38055e-05 2.22168e-05 0.00973291 1.49685e-07 4.17736e-05 3.82586e-05 0.00616773 0.727042 0.000159362 0.00030784 7.08813e-05 0.0618639 8.7633e-06 1.06216e-05 0.00175974 0.000102874 0.00012902 0.102783 0.00283404 
0.000164409 2.3352e-07 2.67609e-07 0.0071524 2.15793e-07 2.52643e-07 2.31385e-07 0.763125 0.000155949 0.000366274 2.54934e-07 0.0583121 9.66583e-05 2.09364e-07 0.000241157 2.11463e-07 0.011593 2.23613e-07 0.0606661 0.0981249 
0.00196461 0.00199909 0.00315954 0.000393147 0.00356661 0.00179003 0.0183414 0.153867 0.00489941 0.0018152 8.14366e-07 0.00189347 0.000436304 0.00228652 0.70878 0.09245 0.000342129 0.00132041 0.000552885 0.000140771 
0.00558321 0.00437935 0.00118174 1.47145e-05 0.00733997 0.00202957 0.0986331 0.0119563 0.509715 0.000535268 0.0350634 0.00911104 0.0311068 0.000284933 3.50295e-05 0.0393419 8.29824e-08 0.000434067 0.22863 0.0146243 
0.00719731 0.00255404 0.00708664 0.000115814 0.000285402 3.48349e-07 0.000120899 0.000219936 0.321087 0.100963 6.67775e-05 5.0703e-05 0.039855 0.318228 0.0102219 0.190523 0.000788941 0.000453695 5.08409e-05 0.000130783 
0.000620447 0.00025193 0.000171107 0.000743859 0.000129355 0.000333119 0.000489962 0.173529 0.819143 0.000126833 0.000397244 0.000448475 0.000153305 5.02256e-05 0.000290223 0.000278821 0.000776516 0.000893366 0.000642402 0.0005308 
0.0176409 0.00663234 0.150353 0.00273465 0.131952 0.000221576 0.00163916 1.48242e-05 0.230255 0.10035 0.024652 0.130292 0.0799864 0.0412774 0.0114581 0.014861 0.00532852 0.000986483 0.00403654 0.0453294 
0.0439843 0.0101932 0.0156578 0.0843555 0.00822646 2.40828e-05 0.00604861 0.0682758 0.384989 0.13432 0.0023287 0.0168977 0.0829622 0.0154528 0.016872 0.00533165 0.0162411 0.00580429 0.00450232 0.0775323 
0.0423793 0.0122077 0.0198669 0.0186984 0.00622151 1.75372e-05 0.0105606 0.0204773 0.75458 0.0660713 0.0012164 0.00202868 0.0141493 0.00599239 0.00421529 0.00249884 0.00188791 0.00328561 0.00826491 0.00537958 
0.112721 0.00851864 0.0194842 0.00610697 0.000495209 0.000688404 0.00467565 0.0494545 0.374846 0.174519 0.00044432 0.0113011 0.00677366 0.101608 0.0221167 0.00228699 0.000939261 0.00237733 0.0215462 0.0790974 
0.0747919 0.00790617 0.0034008 0.00103914 0.107917 0.00228079 0.174035 0.0527545 5.41969e-07 0.0101228 0.00216999 0.00519928 0.00126956 0.493771 0.00136767 0.00768861 0.0261246 0.00476429 0.0232555 0.000139854 
0.0287589 6.23662e-05 0.0355851 0.0281453 0.0192387 2.69229e-05 0.00160185 0.743967 0.0568758 0.0237624 0.000148234 0.00139727 0.0246795 0.00383573 0.00520316 0.0199968 0.00273394 1.23442e-05 0.0023856 0.00158285 
0.0157508 0.000118021 0.0251724 0.000485801 0.0812374 0.0176834 0.00405275 0.0170145 0.00329448 0.0252646 0.223436 0.0054001 0.0127768 0.00593977 0.00942907 0.455843 0.00356248 0.0805346 0.00532754 0.00767609 
0.0271427 0.000667396 0.0247141 0.64411 0.000141669 7.91663e-05 2.61842e-07 0.0157004 0.000153809 0.000534991 2.11099e-05 2.59234e-07 3.33918e-07 0.195356 0.00324676 0.0153784 0.00101805 0.0705996 0.000893423 0.00024176 
0.000163784 9.5671e-07 1.09637e-06 9.08094e-07 0.0434416 0.0001031 9.47961e-07 7.78502e-07 0.954181 8.12686e-07 1.04444e-06 9.38521e-07 1.2089e-06 8.57745e-07 0.00106797 8.66345e-07 0.00102919 9.16119e-07 9.41073e-07 9.7196e-07 
4.19346e-07 4.90272e-05 0.000303112 0.00018476 0.000195627 5.25298e-07 4.81097e-07 0.998669 4.2614e-07 4.12443e-07 5.30059e-07 4.76306e-07 6.13526e-07 4.35311e-07 4.57656e-07 4.39676e-07 4.81097e-07 4.64937e-07 4.77601e-07 0.000592278 
0.00746869 0.000168319 0.178477 0.000145386 0.0489061 0.000200354 0.000818097 0.651921 0.0220665 0.000265154 0.0289989 0.00878291 0.0104233 0.0190411 0.00425425 0.00833334 0.000985506 0.000282494 0.00840193 6.01035e-05 
0.00270047 2.70887e-05 0.0231296 0.148412 0.114724 0.0199564 2.03275e-07 0.137752 0.00651887 0.0393414 1.35643e-05 0.0167352 6.68887e-06 0.117383 0.176236 0.0278694 0.00576164 0.000275208 0.0120154 0.151142 
0.000141649 4.41385e-05 0.0649746 7.01059e-08 6.82522e-08 7.99074e-08 7.31836e-08 8.02823e-06 6.02246e-05 7.96365e-05 8.56011e-05 0.186613 0.000118463 6.62188e-08 6.96179e-08 0.103864 0.0164674 7.07254e-08 0.627317 0.000226102 
1.65685e-06 1.91837e-06 2.1984e-06 1.82088e-06 0.000592203 0.998926 1.90082e-06 1.56103e-06 0.000450302 1.62957e-06 2.09428e-06 1.8819e-06 2.42406e-06 1.71993e-06 1.80821e-06 1.73717e-06 1.90082e-06 1.83698e-06 1.88701e-06 1.94895e-06 
0.236454 0.035471 0.0521038 0.0388812 4.79996e-07 0.00862954 0.00470567 0.00117393 0.0257422 0.499967 0.00959333 0.00353408 0.00594223 0.0342643 0.0116292 0.00357749 0.000288644 0.00151797 1.03238e-05 0.0265142 
0.00970802 0.000393448 0.0112152 0.00168283 0.00908108 0.000917449 0.00182366 0.571092 0.00078548 0.0264992 0.0139896 0.00399628 0.00357418 0.00173263 0.336309 0.000584598 0.000825022 0.000670883 0.000557959 0.00456114 
0.0044356 0.0609404 0.10844 0.000362124 0.00424618 3.23028e-05 3.34488e-07 0.0406753 0.024534 6.77432e-05 0.715507 0.000423495 2.52936e-05 0.000114217 0.000393953 0.0117524 0.0169333 0.00495013 0.00616532 3.42955e-07 
0.177677 5.72072e-05 0.138041 0.000119442 0.54263 9.28288e-05 0.00778583 0.063492 7.74573e-05 0.0158466 7.93995e-05 0.000189164 0.000110485 0.0030763 0.00470272 6.73404e-05 0.00342299 0.00933333 0.0300302 0.00316861 
0.0817152 9.08857e-07 1.04153e-06 8.62673e-07 0.00072231 0.462954 0.0835932 0.000587177 0.0227599 5.17876e-05 9.92196e-07 0.0328129 0.000911803 8.14841e-07 8.56668e-07 8.23011e-07 9.00545e-07 0.313882 8.94002e-07 9.23343e-07 
0.00976066 0.00184457 0.0113944 0.249371 0.0123955 0.00370413 0.0251283 0.00905634 0.101763 0.0870082 0.100585 0.00586736 0.00304485 0.196788 0.00303037 0.104122 0.060282 0.000485993 0.012786 0.00158263 
0.0225294 4.3756e-07 0.0453358 0.412631 0.00348777 5.02878e-05 0.161869 0.00321605 0.0154301 0.000135786 0.00254869 0.00364071 0.00538621 0.199426 4.12434e-07 0.088265 0.00899285 8.07783e-05 0.0129393 0.0140351 
0.00216002 0.000359057 0.00387874 1.8445e-05 0.0035123 0.0297339 0.0125773 0.00162414 0.000239414 1.16413e-05 0.877961 7.72889e-06 0.00663139 0.0316925 0.000537061 0.00226235 0.0209082 0.00335612 0.00122231 0.00130623 
0.0031263 0.00169032 0.000226745 0.000151936 0.00191584 0.00237546 0.904938 0.00690943 0.0036337 0.000180507 0.0220144 0.00257756 0.00136003 0.0100634 0.0032127 0.00332476 0.000613959 0.00526529 0.025236 0.00118328 
0.0390627 2.22961e-05 2.77308e-05 0.00196762 0.000675438 0.0184898 0.000204205 9.37379e-06 0.00238399 9.17788e-08 0.00935488 1.0599e-07 0.921882 5.00556e-06 3.41622e-05 0.000645807 0.00228108 0.000477038 0.0024201 5.68455e-05 
0.15592 0.466567 0.0822603 0.00960496 0.00182315 0.0618005 0.00790555 0.0138873 0.0447123 0.00144121 0.0277711 0.0064826 0.000478817 0.00235888 0.00759733 0.00709492 0.0426112 0.00817687 0.0364145 0.0150912 
0.00709306 0.000296905 0.00655344 0.0337218 0.0123404 0.135947 0.0334048 0.0240745 0.0172296 0.0183969 0.0297086 0.000758938 0.0469872 0.581304 0.0269007 0.00387793 0.0116455 0.00192921 0.000172711 0.00765663 
0.00524579 0.000108195 0.0031439 0.000289183 0.0187059 0.0352613 0.07277 0.0034237 0.0012687 2.58044e-05 0.127928 9.97474e-06 0.0156656 0.0254424 0.00353772 0.0570916 0.509277 0.0297943 0.00359359 0.0874174 
0.0261009 0.000734155 0.00200508 0.00417616 0.125233 0.22907 0.0263202 0.00471099 0.00172293 0.00111226 0.134756 0.0171086 0.0054132 0.00254907 0.37745 0.00559913 0.0065394 0.00304024 0.00687767 0.0194809 
6.44363e-05 0.00229055 0.00048045 0.911898 0.00427172 0.0354008 5.09339e-05 0.00171746 0.000305325 0.0059284 0.00419054 0.00439345 0.00187864 0.00013507 3.02266e-05 2.9039e-05 0.00812999 0.011507 0.00724309 5.51701e-05 
0.000850248 0.0144117 0.137496 0.402443 0.0656769 0.000172867 0.0250121 0.18762 0.0055356 0.000257909 0.000515151 0.0300108 0.0139259 0.073353 0.00797267 0.0343717 6.12341e-07 0.00012541 3.26625e-05 0.000215822 
0.022959 4.15436e-07 4.11293e-06 0.0404507 0.00174329 0.168675 7.03288e-05 0.000296523 0.65292 0.00370323 1.54844e-05 4.07538e-07 0.0181494 0.00104558 0.000104909 3.25002e-06 0.0671233 0.00345988 0.0192547 2.09371e-05 
0.0439739 0.625047 0.00562553 0.00681397 0.0934406 0.0023983 0.00846625 0.00226427 0.0198908 0.0336392 0.00310969 0.0115893 0.000847971 0.00644248 0.0356645 0.0538923 0.0256482 0.0150461 0.00397937 0.00222074 
0.000890439 6.82917e-06 0.000147481 0.00631456 0.000767915 0.965573 0.00173093 0.00102504 8.94792e-05 9.311e-06 0.00492724 7.39505e-06 0.00939764 0.00330223 2.08071e-05 0.00218719 0.00211221 0.00112206 0.000309932 5.82382e-05 
0.0960338 0.0369717 0.0660325 0.0274142 0.115804 0.010094 0.00614407 0.0168431 0.0288682 0.127411 0.0638838 0.0053896 0.0317033 0.0126948 0.0280293 0.0665626 0.00386669 0.0273027 0.0588169 0.170134 
0.0502518 0.185615 0.00256704 0.30447 0.0165933 0.00108422 0.0678595 0.000912561 1.9065e-05 0.00305706 0.00393865 0.00159096 0.000540204 0.000197883 0.00188625 0.159428 0.167377 0.0106073 0.0139264 0.00807801 
0.006438 0.0043116 0.000713589 9.13266e-05 0.933922 0.00182712 0.00029866 0.00183274 0.000166143 0.0127862 0.0144625 0.0027183 0.0118397 0.00214952 0.0022544 0.000569462 0.000334937 0.000137734 0.00114059 0.00200504 
0.063157 0.00127874 0.0121638 0.510059 0.00634005 0.133794 0.0134437 0.017828 0.015444 0.0101511 0.038131 0.00874116 0.00948781 0.0507929 0.0534649 0.0216386 0.00795274 0.00276027 0.00399117 0.0193797 
0.00700265 0.0150106 0.00250781 0.00242271 0.00268656 7.65519e-05 0.0047293 0.000645895 0.000236574 0.903973 0.0111594 0.000541444 0.00176865 0.0069211 0.00286146 0.0234741 0.000144018 0.000114341 0.00271481 0.0110094 
0.00466817 0.769313 0.00431963 0.061034 0.00967615 0.000599637 0.00175936 0.00521552 7.77619e-05 0.00186618 0.00763061 0.00669313 0.000507716 0.00136692 0.0123658 0.0296563 0.00166194 0.0115956 0.019034 0.0509586 
0.00161126 0.0195631 0.0063483 0.00702633 0.00632888 0.00159289 0.0218028 0.000465859 0.00756908 0.00233333 0.836387 0.0434173 0.00328429 0.0206175 0.00241001 0.005044 0.0012111 0.00683635 0.00564496 0.000505257 
0.00250132 2.44632e-05 0.00149322 0.00209898 0.00142224 0.981429 1.75739e-07 1.44323e-07 1.55664e-07 0.00238823 2.22876e-05 0.0027006 3.79938e-05 0.00053541 0.00425076 9.76986e-06 1.75739e-07 1.69836e-07 1.48754e-05 0.00107043 
0.000791652 7.89407e-05 3.96916e-07 3.28756e-07 0.153086 0.440479 0.000453333 0.000109927 0.38948 0.000200581 3.78116e-07 0.0133771 0.000238805 3.10528e-07 0.000584555 0.000537187 0.000107153 0.000335802 3.40695e-07 0.000137244 
0.0644234 0.00264633 0.202994 0.00280669 0.0650777 0.0025326 0.00736353 0.014585 0.00224601 0.0100288 0.0864222 0.103017 0.188988 0.0194606 0.145032 0.0506848 0.0147798 0.00256781 0.00372909 0.0106155 
9.25927e-05 4.76644e-05 0.000197916 0.000209143 0.00993723 0.012929 2.94993e-08 2.4226e-08 0.570917 2.52897e-08 0.000214543 2.92056e-08 0.0663906 0.291657 0.0472734 7.55138e-05 4.13286e-05 5.73021e-06 1.17433e-05 3.02461e-08 
0.0100373 0.0280635 0.0364499 0.102974 0.0183938 0.0138129 0.0192723 0.00104769 0.0271221 0.027431 0.052294 0.0569966 0.0496649 0.00517249 0.0661292 0.327635 0.105507 0.0359805 0.000711102 0.0153054 
0.0621799 3.72272e-07 4.26614e-07 2.90052e-05 0.0143508 0.159801 0.308362 7.3992e-05 3.26731e-07 0.0108232 0.167757 0.000118813 6.40417e-05 0.0208128 0.0799287 0.00479115 0.000132154 0.109451 0.0613222 3.78205e-07 
1.55819e-06 1.80414e-06 2.0675e-06 1.71246e-06 1.66718e-06 0.00170408 1.78764e-06 1.46808e-06 1.58344e-06 1.53254e-06 1.96958e-06 1.76984e-06 0.998031 1.61751e-06 1.70054e-06 1.63373e-06 1.78764e-06 1.7276e-06 1.77465e-06 0.000235338 
0.0596552 0.0289671 0.00792382 0.0988275 0.229576 0.38097 0.0166165 0.0195824 0.0113668 0.0467696 0.0185961 0.00231571 0.00536752 0.01696 0.0213499 0.00159514 0.0149019 0.00209642 0.00426921 0.0122925 
0.0442444 0.0030865 0.00359613 0.866125 0.000560717 0.00835821 0.00129421 0.00329256 0.0071446 0.00206224 0.00938629 0.00622502 0.00122448 0.000804353 0.00196043 0.00878116 0.000200237 0.000210411 0.00269779 0.0287455 
0.00168504 0.00912431 0.0100776 0.0151575 0.303954 0.00750936 0.0272844 0.0491726 0.0359276 0.157005 0.00612779 0.00691605 0.00066968 0.0301618 0.0294653 0.0239723 0.00156668 0.165676 0.0464126 0.0721345 
0.0115455 6.20786e-05 0.0144635 0.0844028 0.00436659 0.000101108 0.00412316 0.00256554 8.43826e-05 0.00111734 0.00294178 0.0297977 0.805031 0.0043164 0.000171742 0.00760281 9.17119e-05 0.00482508 0.00116785 0.0212223 
0.00301858 0.00633876 0.000377187 3.81562e-05 0.000958236 0.0831663 0.160515 0.134424 0.00416284 2.74864e-05 0.482124 0.00148697 0.0198009 0.033461 0.0018335 0.00668259 0.00981155 0.00169146 0.0430482 0.00703385 
0.037435 0.00775584 0.109998 0.017374 0.280714 0.0345167 0.03149 0.0304085 0.270021 0.00540267 0.0119913 0.0142264 0.00938002 0.0218073 0.0201026 0.0646277 0.00674722 0.0131415 0.00130582 0.0115545 
0.0105938 2.38873e-05 1.52147e-05 1.25894e-08 3.67817e-05 0.104559 0.0221391 8.64499e-06 1.16408e-08 2.93045e-05 0.772865 1.30112e-08 5.36474e-05 2.14163e-05 1.25017e-08 0.0432838 0.0463287 3.04942e-05 1.30465e-08 1.07933e-05 
7.03207e-05 0.000156406 0.00564546 5.16848e-05 0.0702609 0.00233428 0.100944 0.0232677 0.387828 0.022687 2.8829e-05 0.00449662 0.00105399 0.0211436 0.0193734 0.199515 0.00805505 0.0706798 0.0493279 0.0130797 
0.0176061 0.101506 7.58503e-05 0.00412616 8.07557e-05 8.26818e-05 0.000113393 0.00232756 0.00203891 0.0096577 7.06614e-05 0.814045 0.00431482 0.00128902 0.0111143 0.00144043 0.0123562 0.00343472 0.00748512 0.00683392 
nan nan nan nan nan nan nan nan nan nan nan nan nan nan nan nan nan nan nan nan 
nan nan nan nan nan nan nan nan nan nan nan nan nan nan nan nan nan nan nan nan 
0.000192321 0.000612854 0.000351651 9.54332e-05 0.0118082 0.00640573 0.0769559 0.0330805 0.000877301 0.000174019 0.000112293 0.000131226 0.485481 0.211087 0.107416 0.0216195 0.0194072 8.03681e-05 0.000164267 0.0239464 
0.00409422 0.000685385 0.15674 0.000198906 0.307756 4.28306e-05 0.00163875 0.024204 0.128497 0.0153642 9.0067e-05 0.00340078 0.000367934 0.0439102 0.0483412 0.015112 0.000399473 0.017976 0.231177 3.66505e-06 
0.0290196 0.0070759 0.0390072 0.000595186 0.0382434 0.00207199 0.0275985 0.0150483 0.0265915 0.0168688 0.000345222 0.00964892 0.00275956 0.0268545 0.599173 0.062569 0.0122437 0.00876965 0.0534633 0.0220525 
0.0858022 0.00622062 0.0495574 0.000140531 0.0143057 0.000163134 4.99784e-07 0.000410633 0.000554414 0.00153943 3.4109e-05 4.94807e-07 7.65958e-05 0.00979514 0.00755957 0.000117368 0.781924 0.0377499 0.00396778 8.06162e-05 
1.6912e-05 1.95814e-05 2.24398e-05 1.85863e-05 1.80949e-05 2.11849e-05 1.94023e-05 1.59339e-05 1.71859e-05 1.66336e-05 2.13769e-05 1.92091e-05 0.999642 1.75558e-05 1.8457e-05 1.77318e-05 1.94023e-05 1.87506e-05 1.92613e-05 1.98935e-05 
0.0311661 0.00636721 0.028274 0.198664 0.00887377 0.0316644 0.00558718 0.0722942 0.0524396 0.00495354 0.0250817 0.00869563 0.00301723 0.0838266 0.0421404 0.015018 0.0113095 0.02839 0.097757 0.24448 
0.161015 0.00146203 0.00177374 0.156405 0.00172191 0.00284647 0.00288105 0.00593456 0.039098 0.00153594 0.434448 0.0172011 0.00112517 0.00266312 0.00435532 0.0191819 0.105602 0.00352624 0.0184296 0.0187934 
0.0416287 0.0197139 0.0110508 0.0295605 0.0252207 1.91556e-05 0.0126197 0.00387638 0.0272123 0.0420541 0.0166558 0.0141229 0.108536 0.00805914 0.0214647 0.357998 0.00261652 0.00139086 0.0113795 0.24482 
0.237455 0.00302416 0.001326 0.0424017 0.0194823 0.00215616 0.0523059 0.0977342 0.0729114 0.0187438 0.0118021 0.080258 0.00430296 0.0962606 0.00932829 0.0381827 0.0334128 0.0117022 0.137793 0.0294165 
0.0107917 0.00146813 0.00274089 0.00616791 0.00372698 0.00338757 0.00668196 0.0040503 0.00289848 0.0036466 0.00250457 0.0145612 0.00410021 0.00634586 0.900551 0.00216585 0.00304694 0.00248291 0.00207075 0.0166101 
0.02546 0.216925 0.0323382 0.0291546 0.0878742 0.0382498 0.149145 0.0957867 0.019826 0.00366399 0.0721867 0.0117599 0.000419603 0.0120302 0.0574636 0.0462422 0.060764 0.00628903 0.021805 0.0126165 
0.0254186 0.0108931 0.00683508 0.0157284 0.185873 0.0191495 0.0159018 0.034856 0.061853 0.122868 0.0119729 0.0146206 0.00350125 0.161285 0.026453 0.0457846 0.0213033 0.163214 0.019623 0.0328657 
0.0130524 0.000852983 0.00135728 0.0217549 0.0237707 0.00143621 0.0257367 0.00452805 0.00775205 0.0121137 0.00186507 0.0481866 0.0053988 0.0130911 0.692521 0.0325318 0.00423681 0.00229169 0.00261404 0.0849083 
0.0236416 0.0185648 0.00631487 0.0180199 0.00864064 0.0241164 0.131442 0.106899 0.0045627 0.0268289 0.0281165 0.0049371 0.0100232 0.0603112 0.0177812 0.0311286 0.101657 0.00599412 0.00505794 0.365962 
0.00629294 0.0876344 0.0206835 0.00184798 0.140366 0.291352 0.115714 0.0303282 0.00144885 0.000928417 0.0973617 0.000446902 0.030833 0.015131 0.0224561 0.0133251 0.052787 0.00169317 0.0386105 0.0307589 
0.0892232 0.0111873 0.0769959 0.236188 0.00821021 0.0419007 0.00323758 0.12329 0.015201 0.00372604 0.00346023 0.049751 0.0041943 0.0136148 0.00208738 0.153677 0.0122212 0.0220282 0.00318518 0.126621 
0.0652666 0.00156918 0.00246195 0.00350425 0.00825773 0.0560912 0.0411424 0.0352993 0.0158415 0.00122263 0.014333 0.00337788 0.00941096 0.0973029 0.0189891 0.00314858 0.556105 0.00911621 0.00493976 0.0526203 
0.0493025 0.0547815 0.0114632 0.234984 0.00306823 0.00621103 0.0128693 0.018012 0.0195467 0.00954845 0.00797328 0.0131883 0.00291893 0.0947353 0.0334263 0.00302698 0.0185314 0.219758 0.150349 0.0363063 
0.43217 0.00669251 0.000960981 0.012401 0.00239522 0.0215144 0.0114643 0.0140229 0.102914 0.00288153 0.00352616 0.010684 0.0622795 0.00250885 0.0218103 0.00466145 0.0442458 0.00947694 0.22188 0.0115105 
4.62561e-05 4.62507e-05 0.111034 0.0925517 4.62538e-05 0.0462938 4.62511e-05 4.62582e-05 0.175817 0.360849 4.6247e-05 4.62515e-05 4.62403e-05 4.62549e-05 0.00929686 0.0740534 4.62511e-05 0.0370483 4.62513e-05 0.0925465 
0.0670183 0.00533834 0.00492095 0.0477549 0.0163025 0.00270346 0.0128514 0.0115606 3.36221e-05 0.00869014 3.43966e-05 0.639809 0.0143137 0.0783769 0.0294759 0.0326864 0.0115111 0.010629 0.00589976 8.98305e-05 
0.914567 8.89205e-05 0.0241806 0.000186312 0.000141227 0.00696876 0.00019829 0.000138922 0.000120671 0.000134164 0.000123586 0.00029537 0.0184351 0.000184003 0.000245253 0.000104828 0.0295456 0.000115746 0.0039041 0.000321478 
8.92967e-05 1.03288e-07 0.000213176 0.00082363 0.0612771 6.71594e-05 0.000122914 0.000605231 9.06524e-08 0.116061 1.12759e-07 1.01324e-07 1.30515e-07 0.000333465 0.000214282 0.00048646 0.81942 9.89056e-08 0.000243941 4.20787e-05 
0.632866 0.0407025 0.131254 0.00482858 6.79275e-05 0.000235029 0.0183855 0.0404657 0.061875 0.00332243 0.000154443 0.00344937 7.43721e-05 0.000213462 3.52683e-05 0.000101187 0.000397933 0.00644414 0.0302158 0.0249117 
0.0120541 0.00433214 0.00406503 0.0404286 0.00292583 0.00537591 0.116034 0.0174215 0.00328881 0.00862328 0.0023474 0.194269 0.00231714 0.00718785 0.0462986 0.00169904 0.404188 0.00544879 0.110185 0.0115103 
nan nan nan nan nan nan nan nan nan nan nan nan nan nan nan nan nan nan nan nan 
nan nan nan nan nan nan nan nan nan nan nan nan nan nan nan nan nan nan nan nan 
nan nan nan nan nan nan nan nan nan nan nan nan nan nan nan nan nan nan nan nan 
nan nan nan nan nan nan nan nan nan nan nan nan nan nan nan nan nan nan nan nan 
nan nan nan nan nan nan nan nan nan nan nan nan nan nan nan nan nan nan nan nan 
nan nan nan nan nan nan nan nan nan nan nan nan nan nan nan nan nan nan nan nan 
nan nan nan nan nan nan nan nan nan nan nan nan nan nan nan nan nan nan nan nan 
nan nan nan nan nan nan nan nan nan nan nan nan nan nan nan nan nan nan nan nan 
0.0665697 0.00604215 0.0778681 0.00380281 0.00357918 0.00349662 0.000348957 0.000437475 0.0476731 0.00429682 0.00148711 0.222183 0.00377585 0.000134638 0.00238577 0.541319 0.00723698 0.00053067 0.00654518 0.000286755 
nan nan nan nan nan nan nan nan nan nan nan nan nan nan nan nan nan nan nan nan 
nan nan nan nan nan nan nan nan nan nan nan nan nan nan nan nan nan nan nan nan 
1.01398e-06 1.17403e-06 1.34541e-06 0.00044819 0.000124848 0.000218616 1.16329e-06 9.55339e-07 1.03041e-06 0.996379 1.28168e-06 1.15171e-06 1.48351e-06 1.05258e-06 0.000695421 1.06314e-06 0.00165997 0.000323286 1.15484e-06 0.000137257 
0.0054538 0.000555657 0.0184636 0.0150064 6.8902e-05 0.0233381 0.00205223 6.77923e-05 0.00314389 0.0196236 0.000678031 0.000144254 0.805643 0.0458548 0.0338369 0.00139763 0.0129825 0.00306064 0.00471661 0.00391173 
0.00650509 0.00400536 0.0244428 0.165247 0.00301635 0.502004 0.000222012 0.0159147 0.060775 0.0031588 0.00340312 0.0223224 0.000294291 0.0252815 0.00171881 0.0656451 0.00227806 0.0576561 0.00322933 0.0328801 
nan nan nan nan nan nan nan nan nan nan nan nan nan nan nan nan nan nan nan nan 
nan nan nan nan nan nan nan nan nan nan nan nan nan nan nan nan nan nan nan nan 
0.251175 0.00163248 0.0215293 0.0318991 0.00278218 0.00873012 0.000120122 0.34735 0.00629665 0.0231676 0.000700524 5.47093e-05 0.020362 0.0114414 0.00433653 0.00850835 0.252605 0.00356931 0.000343578 0.00339591 
nan nan nan nan nan nan nan nan nan nan nan nan nan nan nan nan nan nan nan nan 
nan nan nan nan nan nan nan nan nan nan nan nan nan nan nan nan nan nan nan nan 
0.267401 0.0121624 0.0334074 0.0494723 0.00337509 0.0255529 0.00265382 0.00486383 0.506245 0.00608801 0.000556535 0.000164682 0.0144388 0.0238189 0.00635482 0.0105614 7.48479e-05 0.000411021 0.001614 0.0307832 
0.000500364 0.0440493 0.00460825 0.0100807 0.442211 0.0474625 0.000153544 0.00247004 0.00454693 0.341419 0.00111164 0.00039786 0.000664791 0.00049722 0.00750498 0.00239958 0.0757791 0.00448437 0.00860493 0.00105377 
0.00839182 0.00962998 0.00380544 0.0113779 0.00598695 0.00226415 0.00258072 0.0034476 0.00506825 0.00600435 0.00275718 0.00665003 0.00575784 0.00695021 0.903369 0.00499103 0.000637707 0.00105358 0.00409339 0.00518295 
nan nan nan nan nan nan nan nan nan nan nan nan nan nan nan nan nan nan nan nan 
nan nan nan nan nan nan nan nan nan nan nan nan nan nan nan nan nan nan nan nan 
nan nan nan nan nan nan nan nan nan nan nan nan nan nan nan nan nan nan nan nan 
nan nan nan nan nan nan nan nan nan nan nan nan nan nan nan nan nan nan nan nan 
nan nan nan nan nan nan nan nan nan nan nan nan nan nan nan nan nan nan nan nan 
nan nan nan nan nan nan nan nan nan nan nan nan nan nan nan nan nan nan nan nan 
0.00143112 0.00750654 0.563625 0.160464 0.0237748 0.0320487 0.000947073 0.00122605 0.0271837 0.0270761 0.000672204 0.000102975 0.000269709 0.0729527 0.0202314 0.0494622 0.000114678 0.00209673 0.000359341 0.00845566 
0.0169073 0.00774802 0.0694523 0.0469279 0.00742643 0.0222139 0.00203478 0.0141903 0.0503278 0.0849556 0.00200751 0.00389985 0.00831532 0.0410078 0.15385 0.00684014 0.0330081 0.0197406 0.407117 0.00202953 
0.000524569 0.104586 0.011108 0.744338 8.6217e-05 0.000705584 0.00236795 0.0574111 0.00255368 0.00863272 0.00345764 0.00764314 0.000751558 0.00616417 9.45589e-05 0.0163442 5.50053e-06 0.00025643 0.00338021 0.0295891 
nan nan nan nan nan nan nan nan nan nan nan nan nan nan nan nan nan nan nan nan 
nan nan nan nan nan nan nan nan nan nan nan nan nan nan nan nan nan nan nan nan 
0.107974 0.0537746 0.141653 0.0186607 0.00235043 0.0378516 0.00306938 0.0374427 0.0451197 0.0357855 0.00050356 0.0139957 0.00376083 0.00413032 0.260309 0.000910952 0.21703 0.000470818 0.00545285 0.00975362 
0.0195604 0.0261287 0.00801433 0.0207343 0.0114986 0.00401977 0.00555961 0.00402272 0.00938486 0.0238256 0.012013 0.008612 0.0081706 0.00914085 0.785418 0.00645914 0.0214605 0.00171676 0.00734795 0.00691252 
0.015188 0.0173035 0.0317749 0.068637 0.716394 8.75546e-05 2.70643e-05 0.00382619 0.00023866 0.0207057 0.000303413 9.2537e-05 0.00267472 0.103717 1.31119e-05 0.0050585 1.71037e-05 0.0137002 0.000233907 7.32393e-06 
0.0210544 0.0290082 0.009414 0.0276062 0.00452479 0.00134534 0.00190279 0.0345534 0.0019926 0.00217571 0.00338309 0.0155435 0.0060324 0.0296061 0.023404 0.0246505 0.00287291 0.0071649 0.00999967 0.743766 
0.0319039 0.00687367 0.0359884 0.012641 0.0134714 0.19419 0.00147861 0.152861 0.0111299 0.00107802 0.125141 0.00966399 0.0013328 0.0228637 0.0907697 0.0212827 0.0500136 0.205327 0.00248127 0.00950913 
0.00200905 0.297055 0.0203373 0.0266896 0.0153606 0.00653634 0.0040187 0.50503 0.00342579 0.0037133 0.00322862 0.0031071 0.00103739 0.0160039 0.052827 0.00182015 0.000795087 0.000725756 0.00932515 0.0269549 
0.0171092 0.00415489 0.057379 0.0386702 0.00629887 0.00708808 0.00609335 0.668824 0.0110366 0.00820918 0.00129348 0.00541357 0.00625153 0.0487223 0.0185024 0.0163789 0.054819 0.00159417 0.0113753 0.0107861 
0.000134924 0.00111647 0.000204014 0.00480651 1.7276e-05 0.00118627 0.0397597 2.53025e-07 0.0629308 2.64135e-07 0.00926744 3.05033e-07 0.841439 0.00428799 0.00262817 0.0313554 0.000139344 2.97752e-07 0.000621618 0.000104061 
0.124334 0.0205529 0.0181624 0.156672 0.00495242 0.00252575 0.00445589 0.0137455 0.163416 0.11666 0.000643816 0.00573343 0.0464677 0.0211756 0.0135768 0.232588 0.00780676 0.00253917 0.00441379 0.0395775 
0.256749 0.0186942 0.00398435 0.0081718 0.032168 0.0176849 0.0115826 0.00415733 0.00200746 0.0381445 0.0495299 0.0963303 0.00524735 0.345661 0.0241972 0.0382544 0.00945035 0.00565535 0.000994306 0.0313363 
0.00914959 0.0260005 0.0347572 0.0689898 0.00429844 0.0229569 0.000237034 0.055057 0.0692312 0.000888673 0.0792538 0.000431239 0.001315 0.351836 0.00574062 0.0203021 0.0252934 0.00633033 0.0147109 0.20322 
0.00940386 0.0082439 0.00406631 0.0106519 0.00854209 0.0143059 0.14107 0.00840063 0.0219843 0.0499551 0.00534672 0.00285205 0.0104494 0.0153188 0.0188928 0.615525 0.000506254 0.00473941 0.0242486 0.0254971 
0.00494128 0.00297608 0.0141314 0.00170727 0.0067411 0.000551868 0.00628694 0.0110904 0.00590543 0.00134923 0.000165785 0.000321431 0.92522 0.00365943 0.00287129 0.0109938 0.000106962 0.000145417 0.000345535 0.000489261 
nan nan nan nan nan nan nan nan nan nan nan nan nan nan nan nan nan nan nan nan 
nan nan nan nan nan nan nan nan nan nan nan nan nan nan nan nan nan nan nan nan 
1.36348e-07 1.5787e-07 1.80915e-07 0.000149997 8.76774e-05 1.70798e-07 3.14417e-05 0.000205669 0.998419 0.000375624 1.72346e-07 0.000124049 1.99485e-07 0.000424759 8.9432e-05 1.42958e-07 1.56426e-07 9.08546e-05 1.5529e-07 1.60386e-07 
